CNN Best Model CV Error: 0.19899541911908084

Per-class error
anger: 0.7878787878787878
disgust: 0.7142857142857143
fear: 0.8888888888888888
happiness: 0.12478632478632479
neutral: 0.15733522324592486
sadness: 0.7419354838709677
surprise: 0.8
